[0.222 0.064 0.032 0.005 0.002 0.002 0.02  0.001 0.004 0.008 0.04  0.065
 0.002 0.184 0.002 0.003 0.015 0.035 0.002 0.005 0.003 0.041 0.005 0.003
 0.001 0.006 0.181 0.004 0.131 0.002 0.083 0.226 0.009 0.004 0.06  0.049
 0.003 0.011 0.044 0.001 0.004 0.004 0.144 0.135 0.003 0.043 0.078 0.136
 0.033 0.009 0.001 0.031 0.007 0.083 0.001 0.07  0.009 0.012 0.034 0.014
 0.033 0.04  0.001 0.002 0.014 0.025 0.105 0.02  0.02  0.026 0.104 0.042
 0.046 0.03  0.029 0.242 0.002 0.006 0.004 0.014 0.002 0.018 0.071 0.072
 0.018 0.007 0.027 0.001 0.001 0.036 0.004 0.014 0.062 0.182 0.221 0.003
 0.003 0.161 0.209 0.008 0.228 0.002 0.149 0.029 0.161 0.036 0.147 0.002
 0.04  0.03  0.008 0.001 0.25  0.004 0.002 0.009 0.002 0.076 0.057 0.152
 0.117 0.144 0.057 0.103 0.007 0.06  0.014 0.126 0.008 0.002 0.003 0.01
 0.067 0.008 0.008 0.218 0.008 0.002 0.003 0.007 0.139 0.006 0.01  0.038
 0.01  0.032 0.016 0.027 0.019 0.25  0.003 0.038 0.138 0.004 0.004 0.056
 0.04  0.006 0.003 0.021 0.003 0.004 0.002 0.025 0.004 0.008 0.002 0.003
 0.005 0.056 0.002 0.008 0.023 0.008 0.004 0.019 0.243 0.006 0.001 0.04
 0.002 0.023 0.002 0.003 0.002 0.007 0.004 0.014 0.003 0.011 0.003 0.002
 0.008 0.177 0.041 0.002 0.002 0.006 0.006 0.001 0.02  0.001 0.002 0.006
 0.005 0.001]
