[-5.960e-08  4.657e-09  0.000e+00 -1.819e-12 -2.274e-13  0.000e+00
 -2.910e-11  0.000e+00 -1.819e-12  0.000e+00  0.000e+00  0.000e+00
  4.547e-13  7.451e-09  0.000e+00  0.000e+00  4.802e-10  0.000e+00
 -2.274e-13 -1.192e-07  0.000e+00  0.000e+00  0.000e+00  9.095e-13
  0.000e+00  0.000e+00 -5.960e-08  0.000e+00  5.960e-08  0.000e+00
  1.211e-08 -7.451e-09 -5.960e-08  1.192e-07  5.960e-08  0.000e+00
  0.000e+00 -2.910e-11  5.960e-08  0.000e+00 -5.960e-08  5.960e-08
 -1.192e-07  4.470e-08  0.000e+00  0.000e+00  8.639e-06  1.863e-09
 -5.960e-08  5.960e-08 -1.137e-13 -1.192e-07 -3.638e-12  1.770e-06
 -2.274e-13  4.657e-10  5.960e-08 -1.455e-11 -1.164e-10  1.455e-11
  0.000e+00 -1.192e-07  0.000e+00  0.000e+00 -5.960e-08 -5.821e-11
 -1.192e-07  1.804e-09  0.000e+00  0.000e+00  0.000e+00  3.492e-10
  0.000e+00 -5.960e-08  1.192e-07  0.000e+00  0.000e+00  3.274e-11
 -1.819e-12 -5.960e-08 -2.274e-13  1.372e-07  9.313e-10  1.192e-07
  0.000e+00  0.000e+00 -5.960e-08  0.000e+00  0.000e+00  0.000e+00
  0.000e+00  2.910e-11 -1.192e-07  0.000e+00  7.451e-09  1.819e-12
 -4.547e-13  0.000e+00  1.490e-08  0.000e+00  0.000e+00  0.000e+00
  0.000e+00 -1.192e-07  0.000e+00  0.000e+00 -5.960e-08  0.000e+00
  5.960e-08 -5.960e-08  0.000e+00  0.000e+00  0.000e+00  0.000e+00
  0.000e+00 -7.276e-12  0.000e+00  3.399e-08  0.000e+00  0.000e+00
 -3.725e-09 -1.192e-07  0.000e+00  1.863e-09  3.638e-12  4.657e-10
  0.000e+00  5.960e-08 -7.276e-12  9.095e-13  3.638e-12  0.000e+00
  4.544e-06  0.000e+00 -7.276e-12  1.490e-08 -7.276e-12 -2.274e-13
  0.000e+00  1.091e-11 -1.863e-09  3.638e-12  1.455e-11  0.000e+00
 -7.276e-12  0.000e+00  0.000e+00 -1.192e-07 -2.910e-11  0.000e+00
  9.095e-13  0.000e+00 -3.725e-09  9.095e-13 -9.095e-13  2.328e-10
 -1.192e-07 -3.638e-12  9.095e-13  0.000e+00 -4.547e-13  0.000e+00
  4.547e-13  0.000e+00  1.819e-12 -7.276e-12  4.547e-13  4.547e-13
  1.819e-12  5.960e-08  4.547e-13 -7.276e-12  1.192e-07 -1.455e-11
  5.960e-08  0.000e+00 -1.490e-08  0.000e+00  0.000e+00  5.588e-09
 -6.821e-13 -5.821e-11  0.000e+00  0.000e+00  0.000e+00 -3.638e-12
 -5.960e-08 -5.960e-08  2.365e-11  1.455e-11  0.000e+00  2.274e-13
  1.455e-11  0.000e+00  0.000e+00  0.000e+00  0.000e+00  3.638e-12
  0.000e+00 -1.137e-13  0.000e+00  1.137e-13  0.000e+00  0.000e+00
  0.000e+00  0.000e+00]
