[1.    0.    1.    0.    0.    0.    0.    0.    0.    0.    0.    1.
 0.    0.    0.    0.    0.    1.    0.    1.    0.    1.    0.    0.
 0.    0.    1.    0.    0.    0.    0.    0.    1.    1.    1.    1.
 0.    0.    1.    0.    1.    1.    1.    0.    0.    1.    0.    0.
 1.    1.    0.    1.    0.    0.    0.    0.    1.    0.    0.    0.
 1.    1.    0.    0.    1.    0.    1.    0.    0.    1.    1.    0.
 1.    1.    1.    1.    0.    0.    0.    1.    0.    0.    0.    1.
 0.    0.    1.    0.    0.    1.    0.    0.    1.    1.    0.    0.
 0.    1.    0.    0.    1.    0.    0.    1.    1.    1.    1.    0.
 1.    1.    0.    0.    1.    0.    0.    0.    0.    0.    0.    1.
 0.    1.    0.    0.    0.    0.    0.    1.    0.    0.    0.    0.
 0.    0.    0.    0.    0.    0.    0.    0.    0.    0.    0.    0.
 0.    1.    0.    1.    0.    0.    0.    1.    0.    0.    0.    0.
 1.    0.    0.    1.    0.    0.    0.    0.    0.    0.    0.    0.
 0.    1.    0.    0.    1.    0.    1.    1.    0.    0.    0.    0.
 0.    0.    0.    0.    0.    0.    1.    1.    0.    0.    0.    0.
 0.    1.    1.    0.    0.    0.    0.    0.    0.02  0.001 0.002 0.006
 0.995 0.001]
